train_mae: 288.75872802734375
val_mae: 924.1290283203125
test_mae: 25.03666877746582
