train_mae: 674.299560546875
val_mae: 763.4398193359375
test_mae: 25.852367401123047
