train_mae: 562.707275390625
val_mae: 710.3361206054688
test_mae: 24.63302993774414
