train_mae: 490.24951171875
val_mae: 967.662109375
test_mae: 26.935047149658203
