train_mae: 493.268798828125
val_mae: 664.418212890625
test_mae: 25.72649574279785
