train_mae: 181.10438537597656
val_mae: 242.60702514648438
test_mae: 27.2620906829834
